4 0.917101 0.837366 0.0717089 0.115715
4 0.923935 0.159744 0.0714489 0.115377
4 0.116986 0.140487 0.0729035 0.111992
4 0.51891 0.149223 0.0569647 0.11386
4 0.514689 0.825818 0.0549892 0.115881
4 0.113361 0.82095 0.0699733 0.116221
0 0.823081 0.421521 0.0458302 0.0772937
1 0.468343 0.450075 0.0394014 0.0724089
3 0.198285 0.704663 0.0433636 0.0725657
2 0.852288 0.638878 0.0443604 0.0718223
4 0.993276 0.257383 0.0133545 0.122591
3 0.99575 0.729548 0.00818024 0.0974731
4 0.992333 0.469421 0.0150352 0.0945613
